{
  "advancedEditorSelectedIdentifier" : "ProjectBrowser",
  "openSceneRelativePaths" : [
    "Immersive.usda"
  ],
  "recentIdentifiers" : {

  },
  "sceneCameraHistory" : {
    "AF09ED6F-1707-48FD-8720-65B998362C09" : [
      {
        "date" : 750788251.344192,
        "title" : "Untitled",
        "transform" : [
          -0.9760957,
          2.081638e-08,
          -0.21734129,
          0,
          -0.12486235,
          0.8185051,
          0.5607663,
          0,
          0.17789488,
          0.5744993,
          -0.7989393,
          0,
          -1.2335036,
          10.069528,
          -6.4653873,
          1
        ]
      },
      {
        "date" : 750788014.958602,
        "title" : "Untitled",
        "transform" : [
          -0.9760957,
          2.081638e-08,
          -0.21734129,
          0,
          -0.12486235,
          0.8185051,
          0.5607663,
          0,
          0.17789488,
          0.5744993,
          -0.7989393,
          0,
          -2.108914,
          8.839998,
          -7.544437,
          1
        ]
      },
      {
        "date" : 750788008.677624,
        "title" : "Untitled",
        "transform" : [
          -0.97609556,
          2.0816378e-08,
          -0.21734126,
          0,
          -0.12486235,
          0.8185051,
          0.5607663,
          0,
          0.17789488,
          0.5744993,
          -0.7989393,
          0,
          -2.2292137,
          8.604462,
          -7.740592,
          1
        ]
      },
      {
        "date" : 750788000.662856,
        "title" : "Untitled",
        "transform" : [
          -0.6164108,
          2.0952434e-08,
          -0.7874247,
          0,
          -0.42349547,
          0.84305745,
          0.33152026,
          0,
          0.6638442,
          0.5378235,
          -0.5196698,
          0,
          2.4656434,
          8.33196,
          -5.039217,
          1
        ]
      },
      {
        "date" : 750787996.576519,
        "title" : "Untitled",
        "transform" : [
          -0.6164108,
          2.0952434e-08,
          -0.7874247,
          0,
          -0.42349547,
          0.84305745,
          0.33152026,
          0,
          0.6638442,
          0.5378235,
          -0.5196698,
          0,
          3.4511962,
          6.310238,
          -5.8725853,
          1
        ]
      },
      {
        "date" : 750787993.309347,
        "title" : "Untitled",
        "transform" : [
          -0.6164109,
          1.6173969e-09,
          -0.7874247,
          0,
          -0.42349544,
          0.84305745,
          0.33152032,
          0,
          0.6638441,
          0.5378235,
          -0.51966995,
          0,
          1.1543498,
          1.6266596,
          -1.7496562,
          1
        ]
      },
      {
        "date" : 750787988.779739,
        "title" : "Untitled",
        "transform" : [
          -0.9901244,
          -3.8685144e-09,
          -0.14019154,
          0,
          -0.007405737,
          0.9986038,
          0.052304137,
          0,
          0.1399958,
          0.052825823,
          -0.988742,
          0,
          0.79510087,
          0.4912058,
          -4.2010274,
          1
        ]
      },
      {
        "date" : 750787986.777143,
        "title" : "Untitled",
        "transform" : [
          -0.9901244,
          -3.8685144e-09,
          -0.14019154,
          0,
          -0.007405737,
          0.9986038,
          0.052304137,
          0,
          0.1399958,
          0.052825823,
          -0.988742,
          0,
          0.79522014,
          0.47525263,
          -4.201863,
          1
        ]
      },
      {
        "date" : 750787979.676574,
        "title" : "Untitled",
        "transform" : [
          -0.99012446,
          -3.13503e-09,
          -0.14019156,
          0,
          -0.0074057174,
          0.99860376,
          0.052304145,
          0,
          0.1399958,
          0.052825842,
          -0.9887419,
          0,
          -2.4982953,
          -8.075769,
          -7.8387403,
          1
        ]
      },
      {
        "date" : 750787976.076656,
        "title" : "Untitled",
        "transform" : [
          -0.99012446,
          -3.13503e-09,
          -0.14019156,
          0,
          -0.0074057174,
          0.99860376,
          0.052304145,
          0,
          0.1399958,
          0.052825842,
          -0.9887419,
          0,
          -2.6705704,
          -8.010767,
          -7.8596597,
          1
        ]
      }
    ],
    "DB6FF625-C1DF-495F-ACA4-BA79F34700BC" : [
      {
        "date" : 750788256.684297,
        "title" : "Untitled",
        "transform" : [
          0.99999994,
          0,
          -0,
          0,
          -0,
          0.8660255,
          -0.49999988,
          0,
          0,
          0.49999988,
          0.8660255,
          0,
          0,
          0.275544,
          0.47725624,
          1
        ]
      }
    ]
  },
  "selectedSceneRelativePath" : "Immersive.usda"
}